c69 94 63 95 56 88 55 78
c43 131 43 131 40 129 40 129
c36 124 34 123 32 117 34 115
c20 129 27 123 25 127 26 115
c10 131 15 128 16 124 15 120
c39 91 42 91 47 83 48 79
c33 91 30 91 26 85 25 79
c29 60 29 60 29 43 29 43

l0 135 6 135

l18 104 12 93.6
l21 98 18 93
l27 98 21 87.6

l36 84 31 78
l39 78 34 72

l54 112 57 107.2
l48 112 57 96.6
l42 112 54 91.4
l42 102 51 86.2

l23 59 17 59

l39 61 61 61
l36 55.8 62 55.8
l39 50.6 58 50.6
l36 45.4 56 45.4

l1 51 1 51

l17 29 23 29

l10 18 10 18
l32 18 32 -180


s31 106
s23 74
s53 74